.Random.seed <-
c(403L, 325L, 1870792133L, 625563978L, 1558274821L, -773826793L, 
-1152253418L, -288193107L, -982253617L, 927231596L, 863225118L, 
1094277742L, -1872346244L, 19722167L, 1310449942L, 1099852619L, 
166414744L, -1268219561L, 1618810635L, -2053258971L, 2135122717L, 
-1776405987L, 1959970678L, 584986476L, 1188541324L, -1820401967L, 
513278128L, 583390692L, -1535534192L, 37183455L, -1053785440L, 
-1521232067L, 1124871237L, 1787134369L, 729330413L, -75882458L, 
-1439986100L, -951019085L, -1916578591L, 334704820L, -1274769534L, 
594597749L, 788944252L, 1684563381L, -1947021798L, -1665039547L, 
208815764L, -1122643770L, 366811203L, 1542584408L, 1174740059L, 
-2033811970L, 1764723560L, 1941139724L, 1029492996L, -1763497559L, 
-1679896073L, 1729387815L, -452350560L, -1028419215L, 1725547966L, 
1069704023L, -1944307529L, 1945362419L, -1334603843L, 1888365682L, 
1173971135L, 2044518011L, -1821077541L, 1247583322L, 809820787L, 
-1023970862L, -1652733224L, 1493839643L, 682158236L, -230650924L, 
-51778695L, 963916085L, 2111813946L, -2049372688L, -335897002L, 
-1532937891L, -153329813L, 804650087L, 1727917160L, -1679661198L, 
-1767751290L, -589860641L, -1165323263L, -1285174901L, 305874267L, 
-596453189L, 936917355L, 1129778215L, 98062526L, -874505728L, 
-557035015L, 967239010L, 134655093L, -2060415780L, 1794178338L, 
-1439148973L, 1544183284L, 1486108130L, 1575712059L, 730221746L, 
-1619873459L, -1208202940L, -619189837L, -1688945804L, -636233817L, 
805844921L, 641800664L, -246166954L, -1223808873L, 233088714L, 
483022495L, -1933087176L, 400679162L, 1425136927L, -1418657235L, 
1241873626L, -1446044917L, 1295224710L, -1751588145L, -529004154L, 
1007464344L, 1044524492L, 1883208712L, -556225411L, -1941800035L, 
-1223072478L, -476868844L, 911995034L, 202009920L, -1966093488L, 
2107017619L, 490389970L, -1013409155L, 248711775L, 655821420L, 
-730968827L, -2001251959L, -1974402400L, -2089618312L, 1811872316L, 
-1797601098L, 525446211L, -708837420L, -1058698125L, -295161652L, 
-1533123832L, -1510836030L, -749618275L, 873550211L, -466042725L, 
-1487516823L, -968274594L, 449736793L, 479805336L, 491292959L, 
251197304L, 1362895548L, 929893743L, -588039868L, -1928409706L, 
1107531943L, -1685836033L, -1828237769L, -328897735L, 1797295123L, 
-1497142434L, -706229798L, 1246986381L, 657948494L, -937018292L, 
-584957136L, 1775670978L, 737983204L, 1942490488L, 1396922946L, 
1991450235L, -1317443114L, 783197410L, 645466274L, 444733340L, 
128029131L, 1876095620L, 1903763704L, 1183731204L, -43671609L, 
-456059853L, -1237280298L, 1707455490L, -1215267076L, 961275505L, 
-2005860815L, 998239729L, -862366694L, 2129317260L, 345909103L, 
-1250293193L, -1426134257L, 2109601779L, -1757849353L, -1970792532L, 
-893062768L, 698965050L, 1165216312L, -1487379905L, -802021609L, 
-418368688L, 2107497967L, 46399935L, -1031495445L, 1983687816L, 
1375699520L, -888070854L, 1326866053L, -731165396L, -836706864L, 
-1935005683L, 820206232L, 1162658034L, -1137514086L, -1325349032L, 
2005021106L, 1061543666L, 382335249L, 367159841L, -944025027L, 
-4828192L, 1161033885L, -1823721206L, -679650746L, 449478180L, 
1594535115L, -420600836L, -640858150L, -1796525540L, -1426189482L, 
-1144104014L, -1996913657L, 915191989L, 705574019L, 1718455356L, 
-378838142L, -2082133042L, 1167225500L, -1248534114L, -1816026962L, 
-1351375204L, 1774724935L, -856632472L, 994603179L, -1855252340L, 
-1381117844L, 221017975L, 1245976701L, -1193269673L, 1189542408L, 
-1995852261L, -642046802L, 985118117L, -1989849057L, 253867795L, 
1466925476L, 621904149L, -28286478L, 329145907L, -1169054519L, 
1009065156L, -2134256416L, -1697528916L, 773752238L, -1802805281L, 
1702865001L, -256050943L, -896693795L, 1645294867L, 1413200135L, 
456478357L, 899061019L, 126975947L, -1021668728L, -1451869201L, 
-1625222718L, -1112005149L, -110408865L, -1437597218L, -2042344047L, 
1951432471L, -211137145L, -1498264662L, -1423804011L, -415309220L, 
662679281L, 1701543162L, 1217895168L, 958595815L, -913020498L, 
-728460428L, 2109171122L, 1588140581L, -594548944L, -1277587790L, 
-1796717439L, 1540317923L, -2036212943L, 552121825L, 154745799L, 
-638363894L, 1070990175L, -1423240989L, 764414305L, 803716466L, 
480781728L, -1992154386L, 2142180604L, -660649608L, 491858110L, 
-1101032883L, -1472683858L, 1329758640L, -1211480505L, -726894430L, 
-118897918L, 1884400633L, 1146405320L, -1666237326L, -1113915416L, 
-346020487L, -139747029L, -605439994L, 891547892L, -476657010L, 
-56811240L, -666587888L, -1155338691L, -330189619L, -316792496L, 
-2029732900L, 1596664133L, 416134681L, 883411936L, 1140736651L, 
1678077193L, 296769728L, -1914241366L, -977956473L, 329241183L, 
-1682924619L, 705109618L, 538954036L, 1718203054L, -1719049646L, 
-2079755831L, -1219522348L, 671830804L, -720821472L, -236779695L, 
-668897274L, -363318234L, 444812092L, 195485547L, -1310730378L, 
1617630726L, -807936699L, -881991352L, 2049220284L, 362306489L, 
1523121593L, -918639183L, -1682361908L, -36264291L, 277346596L, 
-201090831L, -1262745216L, -1479371837L, -152601665L, -396953409L, 
-905590294L, 96193770L, -1849792576L, -358159554L, 73000466L, 
714509474L, -1183588876L, -1094883028L, 127536402L, -1483276070L, 
711886031L, 58468684L, -802308821L, 1449990263L, -116664782L, 
1715435212L, 1189453956L, -1171923361L, -1445713215L, 1424623873L, 
-120678383L, -1564354318L, -1978320471L, -1751410187L, -1514952997L, 
-1830597415L, 25572075L, 757188310L, -914929577L, -1624728605L, 
133369115L, 681400947L, -1577423101L, 1142284485L, -62718744L, 
884049716L, 1420033074L, 1626941734L, -2039543804L, 162320891L, 
-1837919371L, 1035322108L, -56357155L, -1933249984L, -1224868439L, 
-1430947285L, -2061532280L, 1735830962L, 887847144L, 1583204166L, 
-1394665995L, -899052371L, -1270020585L, -836569930L, -202039053L, 
1879969351L, 998129829L, 1232677702L, -1852492463L, 896570005L, 
710425470L, 1905924568L, 313519216L, -850030720L, 1773764894L, 
2022686998L, -1749588832L, -1256405518L, -1119847562L, -920126666L, 
441309656L, -1424366097L, 1010703453L, 1097026343L, 734246363L, 
268691663L, -1626855952L, 1569766075L, -657088801L, 1512994150L, 
692742571L, -1249220659L, -1159990586L, -822220092L, 1678549338L, 
-1671599627L, -2048705909L, 1082923549L, 1818517538L, 1710455067L, 
-194176731L, -1678924674L, 1543555682L, -1147092867L, 1449125084L, 
-1123287017L, -2046760971L, 1470714756L, -1243173801L, 1037888054L, 
1515899831L, -2123376099L, -429005151L, 2071464818L, -1098323093L, 
-1871783622L, -1717999439L, 767731745L, -2003982623L, -1937221833L, 
-123730569L, -2138853977L, -379482213L, 1907903076L, 1168009949L, 
-299704401L, 1634719563L, -311922964L, -821169151L, 1151203L, 
1987740773L, -1360134418L, 930204266L, -520341746L, -754289833L, 
1704146408L, 1599801979L, 849377189L, -1630901324L, 1969842589L, 
1078686125L, 282491782L, 396534757L, -254263784L, -1366087937L, 
2051190911L, 391736308L, 133520299L, -897633267L, 562527043L, 
333241878L, 2050534611L, 224854370L, -1327745495L, 1842892463L, 
-119404231L, -1526400639L, 1045086931L, -442006154L, -1545073870L, 
2088268947L, -1859670377L, 1823030142L, -507531574L, -2134318473L, 
-1641729091L, -349162848L, 2139498697L, -451269929L, -422466112L, 
1033133168L, 138898950L, -698980578L, -1475439246L, -831044545L, 
-716636618L, 424460018L, -962903559L, -11982185L, 1615457275L, 
-1821244737L, -904601608L, -1598046704L, 2017852285L, 1616781971L, 
1835350406L, 794646331L, -1382304543L, -2064975251L, 2090335156L, 
1288884193L, 2104100251L, -811929547L, 1559884634L, -1877761164L, 
1887307302L, 429111107L, -641657443L, 923558384L, -1052636013L, 
-705458687L, -1642080759L, 281281340L, 300692643L, 1862986608L, 
-620926128L, -232581380L, -1941947811L, 1764409975L, 1101613494L, 
-938498716L, 606629349L, 510133729L, -1394746967L, 36612828L, 
598068675L, -926376149L, -1545919138L, 291697856L, -1202234359L, 
684078122L, -1992966171L, -788988611L, 1002558871L, 105325831L, 
-1149773956L, 1597034177L, -941805954L, 939758500L, 158009615L, 
